49 times
-----------------------------------
x         y
-----------------------------------
0.000000  0.0000000000000000
0.001000  0.0009118819316297
0.002000  0.0019304540607954
0.003000  0.0028087940768028
0.004000  0.0036065630320766
0.005000  0.0046309186344428
0.006000  0.0059462172182720
0.007000  0.0067379468486107
0.008000  0.0076350941265757
0.009000  0.0086516950902100
0.010000  0.0098036550085335
0.012000  0.0111089964966830
0.013000  0.0125881421134506
0.015000  0.0142642337759813
0.017000  0.0161634945730294
0.019000  0.0183156383435951
0.021000  0.0207543373909755
0.024000  0.0235177452875518
0.027000  0.0266490968655468
0.031000  0.0301973828606000
0.035000  0.0342181174524348
0.039000  0.0387742067494720
0.044000  0.0439369327649922
0.050000  0.0497870672555764
0.057000  0.0564161386121637
0.064000  0.0639278603750878
0.073000  0.0724397560233923
0.083000  0.0820849977073196
0.094000  0.0930144886037117
0.106000  0.1053992243647123
0.120000  0.1194329677098466
0.136000  0.1353352812225810
0.154000  0.1533549649915247
0.174000  0.1737739418342116
0.197000  0.1969116724561344
0.224000  0.2231301576559662
0.253000  0.2528395941601865
0.287000  0.2865047952606023
0.325000  0.3246524670547143
0.368000  0.3678794384340895
0.417000  0.4168620177399371
0.473000  0.4723665501027420
0.536000  0.5352614270247785
0.607000  0.6065306574560675
0.688000  0.6872892768716401
0.779000  0.7788007816226609
0.883000  0.8824969017637744
1.000000  1.0000000000000000

50 times
-----------------------------------
x         y
-----------------------------------
0.000000  0.0000000000000000
0.001000  0.0009118819316297
0.002000  0.0019304540607954
0.003000  0.0024787520659113
0.004000  0.0031827806959069
0.005000  0.0040867713321367
0.006000  0.0052475182527286
0.007000  0.0067379468486107
0.009000  0.0086516950902100
0.012000  0.0111089964966830
0.015000  0.0142642337759813
0.019000  0.0183156383435951
0.024000  0.0235177452875518
0.031000  0.0301973828606000
0.039000  0.0387742067494720
0.050000  0.0497870672555764
0.064000  0.0639278603750878
0.083000  0.0820849977073196
0.106000  0.1053992243647123
0.136000  0.1353352812225810
0.174000  0.1737739418342116
0.224000  0.2231301576559662
0.287000  0.2865047952606023
0.368000  0.3678794384340895
0.473000  0.4723665501027420
0.607000  0.6065306574560675
0.779000  0.7788007816226609
1.000000  1.0000000000000000

51 times
-----------------------------------
x         y
-----------------------------------
0.000000  0.0000000000000000
0.001000  0.0009118819316297
0.002000  0.0015034391090508
0.003000  0.0024787520659113
0.005000  0.0040867713321367
0.007000  0.0067379468486107
0.012000  0.0111089964966830
0.019000  0.0183156383435951
0.031000  0.0301973828606000
0.050000  0.0497870672555764
0.083000  0.0820849977073196
0.136000  0.1353352812225810
0.224000  0.2231301576559662
0.368000  0.3678794384340895
0.607000  0.6065306574560675
1.000000  1.0000000000000000

52 times
-----------------------------------
x         y
-----------------------------------
0.000000  0.0000000000000000
0.001000  0.0009118819316297
0.003000  0.0024787520659113
0.007000  0.0067379468486107
0.019000  0.0183156383435951
0.050000  0.0497870672555764
0.136000  0.1353352812225810
0.368000  0.3678794384340895
1.000000  1.0000000000000000

53 times
-----------------------------------
x         y
-----------------------------------
0.000000  0.0000000000000000
0.001000  0.0003354626079334
0.003000  0.0024787520659113
0.019000  0.0183156383435951
0.136000  0.1353352812225810
1.000000  1.0000000000000000

54 times
-----------------------------------
x         y
-----------------------------------
0.000000  0.0000000000000000
0.001000  0.0003354626079334
0.019000  0.0183156383435951
1.000000  1.0000000000000000